{
 "cells": [
  {
   "cell_type": "markdown",
   "metadata": {
    "collapsed": true
   },
   "source": [
    "# Capstone Project\n",
    "### Applied Data Science Capstone by IBM/Coursera"
   ]
  },
  {
   "cell_type": "markdown",
   "metadata": {},
   "source": [
    "## Table of contents\n",
    "* [Introduction](#introduction)\n",
    "* [Data](#data)\n",
    "* [Methodology](#methodology)\n",
    "* [Code](#Code)\n",
    "* [Analysis Results](#results)\n",
    "* [Conclusion](#conclusion)"
   ]
  },
  {
   "cell_type": "markdown",
   "metadata": {},
   "source": [
    "\n",
    "\n",
    "## Introduction: Business Problem <a name=\"introduction\"></a>"
   ]
  },
  {
   "cell_type": "markdown",
   "metadata": {},
   "source": [
    "**In this project, we will try to collect data for the countries of the world  to analyze and understand the relationship between them and to understand the causes to avoid the risks for the future.**"
   ]
  },
  {
   "cell_type": "markdown",
   "metadata": {},
   "source": [
    "## Data <a name=\"data\"></a>"
   ]
  },
  {
   "cell_type": "markdown",
   "metadata": {},
   "source": [
    "**Our problem is an increase in the number of deaths, in some social and economic phenomena that appeared with Sofid 19\n",
    "For this, the suffering that we will need will be related to the number of infections and the number of cases that have suffered from these phenomena.**\n",
    "\n",
    "Country            \n",
    "Total Cases         \n",
    "Total Deaths        \n",
    "Total of Recovered      \n",
    "Total of Suicides      \n",
    "Total of Divorce         \n",
    "total of Population         \n",
    "ChomageAvant       \n",
    "ChomageApres       "
   ]
  },
  {
   "cell_type": "markdown",
   "metadata": {},
   "source": [
    "## Methodology <a name=\"methodology\"></a>"
   ]
  },
  {
   "cell_type": "markdown",
   "metadata": {},
   "source": [
    "In this project, we will direct our efforts at the beginning to collect useful data in order to get good results because wrong data can only give us wrong results.\n",
    "**In the first step**, we collected the required data.\n",
    "\n",
    "**The second step** will be our analysis of the data we collected and the analysis of each column on this in order to have a good idea of the data that we will use\n",
    "\n",
    "**In the third step** we will try to find out the possible relationship between the columns and try to use more than one program to verify the results"
   ]
  },
  {
   "cell_type": "markdown",
   "metadata": {},
   "source": [
    "## Code<a name=\"analysis\"></a>"
   ]
  },
  {
   "cell_type": "markdown",
   "metadata": {},
   "source": [
    "Let's perform some basic explanatory data analysis and derive some additional info from our raw data. First let's count the **number of restaurants in every area candidate**:"
   ]
  },
  {
   "cell_type": "code",
   "execution_count": 14,
   "metadata": {},
   "outputs": [
    {
     "name": "stdout",
     "output_type": "stream",
     "text": [
      "Collecting package metadata (current_repodata.json): done\n",
      "Solving environment: done\n",
      "\n",
      "\n",
      "==> WARNING: A newer version of conda exists. <==\n",
      "  current version: 4.7.10\n",
      "  latest version: 4.8.3\n",
      "\n",
      "Please update conda by running\n",
      "\n",
      "    $ conda update -n base conda\n",
      "\n",
      "\n",
      "\n",
      "# All requested packages already installed.\n",
      "\n"
     ]
    }
   ],
   "source": [
    "import pandas as pd # import library to read data into dataframe\n",
    "import numpy as np # import numpy library\n",
    "!conda install -c conda-forge folium=0.5.0 --yes\n",
    "import folium\n",
    "import matplotlib.pyplot as plt"
   ]
  },
  {
   "cell_type": "code",
   "execution_count": 15,
   "metadata": {},
   "outputs": [
    {
     "name": "stderr",
     "output_type": "stream",
     "text": [
      "/opt/conda/lib/python3.7/site-packages/IPython/core/interactiveshell.py:3058: DtypeWarning: Columns (0) have mixed types. Specify dtype option on import or set low_memory=False.\n",
      "  interactivity=interactivity, compiler=compiler, result=result)\n"
     ]
    }
   ],
   "source": [
    "dataset = pd.read_csv(\"covid19.csv\")"
   ]
  },
  {
   "cell_type": "code",
   "execution_count": 16,
   "metadata": {},
   "outputs": [
    {
     "name": "stdout",
     "output_type": "stream",
     "text": [
      "Country             object\n",
      "Latitude           float64\n",
      "Longitude          float64\n",
      "TotalCases         float64\n",
      "TotalDeaths        float64\n",
      "TotalRecovered     float64\n",
      "ActiveCases        float64\n",
      "SeriousCritical    float64\n",
      "Total\\nTests       float64\n",
      "TotalSuicides      float64\n",
      "TotDivorce         float64\n",
      "Population         float64\n",
      "ChomageAvant       float64\n",
      "ChomageApres       float64\n",
      "dtype: object\n"
     ]
    }
   ],
   "source": [
    "print(dataset.dtypes)"
   ]
  },
  {
   "cell_type": "code",
   "execution_count": 17,
   "metadata": {},
   "outputs": [
    {
     "data": {
      "text/html": [
       "<div>\n",
       "<style scoped>\n",
       "    .dataframe tbody tr th:only-of-type {\n",
       "        vertical-align: middle;\n",
       "    }\n",
       "\n",
       "    .dataframe tbody tr th {\n",
       "        vertical-align: top;\n",
       "    }\n",
       "\n",
       "    .dataframe thead th {\n",
       "        text-align: right;\n",
       "    }\n",
       "</style>\n",
       "<table border=\"1\" class=\"dataframe\">\n",
       "  <thead>\n",
       "    <tr style=\"text-align: right;\">\n",
       "      <th></th>\n",
       "      <th>Country</th>\n",
       "      <th>Latitude</th>\n",
       "      <th>Longitude</th>\n",
       "      <th>TotalCases</th>\n",
       "      <th>TotalDeaths</th>\n",
       "      <th>TotalRecovered</th>\n",
       "      <th>ActiveCases</th>\n",
       "      <th>SeriousCritical</th>\n",
       "      <th>Total\\nTests</th>\n",
       "      <th>TotalSuicides</th>\n",
       "      <th>TotDivorce</th>\n",
       "      <th>Population</th>\n",
       "      <th>ChomageAvant</th>\n",
       "      <th>ChomageApres</th>\n",
       "    </tr>\n",
       "  </thead>\n",
       "  <tbody>\n",
       "    <tr>\n",
       "      <td>0</td>\n",
       "      <td>USA</td>\n",
       "      <td>37.090240</td>\n",
       "      <td>-95.712891</td>\n",
       "      <td>1555133.0</td>\n",
       "      <td>92198.0</td>\n",
       "      <td>359137.0</td>\n",
       "      <td>1103798.0</td>\n",
       "      <td>16868.0</td>\n",
       "      <td>12350393.0</td>\n",
       "      <td>1001.0</td>\n",
       "      <td>6615.0</td>\n",
       "      <td>330774664.0</td>\n",
       "      <td>11429792.0</td>\n",
       "      <td>1429793.0</td>\n",
       "    </tr>\n",
       "    <tr>\n",
       "      <td>1</td>\n",
       "      <td>Argentina</td>\n",
       "      <td>-38.416097</td>\n",
       "      <td>-63.616672</td>\n",
       "      <td>8371.0</td>\n",
       "      <td>382.0</td>\n",
       "      <td>2625.0</td>\n",
       "      <td>5364.0</td>\n",
       "      <td>154.0</td>\n",
       "      <td>105829.0</td>\n",
       "      <td>520.0</td>\n",
       "      <td>615.0</td>\n",
       "      <td>45146322.0</td>\n",
       "      <td>1009794.0</td>\n",
       "      <td>1429794.0</td>\n",
       "    </tr>\n",
       "    <tr>\n",
       "      <td>2</td>\n",
       "      <td>Bangladesh</td>\n",
       "      <td>23.684994</td>\n",
       "      <td>90.356331</td>\n",
       "      <td>276505.0</td>\n",
       "      <td>27563.0</td>\n",
       "      <td>192253.0</td>\n",
       "      <td>56689.0</td>\n",
       "      <td>1208.0</td>\n",
       "      <td>3037840.0</td>\n",
       "      <td>122.0</td>\n",
       "      <td>520.0</td>\n",
       "      <td>46752605.0</td>\n",
       "      <td>5329797.0</td>\n",
       "      <td>5606026.0</td>\n",
       "    </tr>\n",
       "  </tbody>\n",
       "</table>\n",
       "</div>"
      ],
      "text/plain": [
       "      Country   Latitude  Longitude  TotalCases  TotalDeaths  TotalRecovered  \\\n",
       "0         USA  37.090240 -95.712891   1555133.0      92198.0        359137.0   \n",
       "1   Argentina -38.416097 -63.616672      8371.0        382.0          2625.0   \n",
       "2  Bangladesh  23.684994  90.356331    276505.0      27563.0        192253.0   \n",
       "\n",
       "   ActiveCases  SeriousCritical  Total\\nTests  TotalSuicides  TotDivorce  \\\n",
       "0    1103798.0          16868.0    12350393.0         1001.0      6615.0   \n",
       "1       5364.0            154.0      105829.0          520.0       615.0   \n",
       "2      56689.0           1208.0     3037840.0          122.0       520.0   \n",
       "\n",
       "    Population  ChomageAvant  ChomageApres  \n",
       "0  330774664.0    11429792.0     1429793.0  \n",
       "1   45146322.0     1009794.0     1429794.0  \n",
       "2   46752605.0     5329797.0     5606026.0  "
      ]
     },
     "execution_count": 17,
     "metadata": {},
     "output_type": "execute_result"
    }
   ],
   "source": [
    "dataset.head(3)"
   ]
  },
  {
   "cell_type": "code",
   "execution_count": 18,
   "metadata": {},
   "outputs": [
    {
     "data": {
      "text/plain": [
       "(1048573, 14)"
      ]
     },
     "execution_count": 18,
     "metadata": {},
     "output_type": "execute_result"
    }
   ],
   "source": [
    "dataset.shape"
   ]
  },
  {
   "cell_type": "code",
   "execution_count": 19,
   "metadata": {},
   "outputs": [
    {
     "data": {
      "text/html": [
       "<div>\n",
       "<style scoped>\n",
       "    .dataframe tbody tr th:only-of-type {\n",
       "        vertical-align: middle;\n",
       "    }\n",
       "\n",
       "    .dataframe tbody tr th {\n",
       "        vertical-align: top;\n",
       "    }\n",
       "\n",
       "    .dataframe thead th {\n",
       "        text-align: right;\n",
       "    }\n",
       "</style>\n",
       "<table border=\"1\" class=\"dataframe\">\n",
       "  <thead>\n",
       "    <tr style=\"text-align: right;\">\n",
       "      <th></th>\n",
       "      <th>Latitude</th>\n",
       "      <th>Longitude</th>\n",
       "      <th>TotalCases</th>\n",
       "      <th>TotalDeaths</th>\n",
       "      <th>TotalRecovered</th>\n",
       "      <th>ActiveCases</th>\n",
       "      <th>SeriousCritical</th>\n",
       "      <th>Total\\nTests</th>\n",
       "      <th>TotalSuicides</th>\n",
       "      <th>TotDivorce</th>\n",
       "      <th>Population</th>\n",
       "      <th>ChomageAvant</th>\n",
       "      <th>ChomageApres</th>\n",
       "    </tr>\n",
       "  </thead>\n",
       "  <tbody>\n",
       "    <tr>\n",
       "      <td>Latitude</td>\n",
       "      <td>1.000000</td>\n",
       "      <td>0.042665</td>\n",
       "      <td>0.077525</td>\n",
       "      <td>0.045510</td>\n",
       "      <td>0.082350</td>\n",
       "      <td>0.058711</td>\n",
       "      <td>0.090577</td>\n",
       "      <td>0.074428</td>\n",
       "      <td>0.020706</td>\n",
       "      <td>0.062851</td>\n",
       "      <td>0.057728</td>\n",
       "      <td>0.025095</td>\n",
       "      <td>0.022373</td>\n",
       "    </tr>\n",
       "    <tr>\n",
       "      <td>Longitude</td>\n",
       "      <td>0.042665</td>\n",
       "      <td>1.000000</td>\n",
       "      <td>-0.118664</td>\n",
       "      <td>-0.121212</td>\n",
       "      <td>-0.111525</td>\n",
       "      <td>-0.127603</td>\n",
       "      <td>-0.137823</td>\n",
       "      <td>-0.093833</td>\n",
       "      <td>-0.109554</td>\n",
       "      <td>-0.074299</td>\n",
       "      <td>-0.071265</td>\n",
       "      <td>-0.077159</td>\n",
       "      <td>-0.070818</td>\n",
       "    </tr>\n",
       "    <tr>\n",
       "      <td>TotalCases</td>\n",
       "      <td>0.077525</td>\n",
       "      <td>-0.118664</td>\n",
       "      <td>1.000000</td>\n",
       "      <td>0.913665</td>\n",
       "      <td>0.916726</td>\n",
       "      <td>0.969123</td>\n",
       "      <td>0.925652</td>\n",
       "      <td>0.914447</td>\n",
       "      <td>0.506676</td>\n",
       "      <td>0.236482</td>\n",
       "      <td>0.237910</td>\n",
       "      <td>0.125502</td>\n",
       "      <td>0.077284</td>\n",
       "    </tr>\n",
       "    <tr>\n",
       "      <td>TotalDeaths</td>\n",
       "      <td>0.045510</td>\n",
       "      <td>-0.121212</td>\n",
       "      <td>0.913665</td>\n",
       "      <td>1.000000</td>\n",
       "      <td>0.879314</td>\n",
       "      <td>0.917324</td>\n",
       "      <td>0.862173</td>\n",
       "      <td>0.847369</td>\n",
       "      <td>0.501775</td>\n",
       "      <td>0.187101</td>\n",
       "      <td>0.189295</td>\n",
       "      <td>0.099432</td>\n",
       "      <td>0.056962</td>\n",
       "    </tr>\n",
       "    <tr>\n",
       "      <td>TotalRecovered</td>\n",
       "      <td>0.082350</td>\n",
       "      <td>-0.111525</td>\n",
       "      <td>0.916726</td>\n",
       "      <td>0.879314</td>\n",
       "      <td>1.000000</td>\n",
       "      <td>0.840746</td>\n",
       "      <td>0.849204</td>\n",
       "      <td>0.844584</td>\n",
       "      <td>0.485221</td>\n",
       "      <td>0.317395</td>\n",
       "      <td>0.320625</td>\n",
       "      <td>0.257755</td>\n",
       "      <td>0.217904</td>\n",
       "    </tr>\n",
       "    <tr>\n",
       "      <td>ActiveCases</td>\n",
       "      <td>0.058711</td>\n",
       "      <td>-0.127603</td>\n",
       "      <td>0.969123</td>\n",
       "      <td>0.917324</td>\n",
       "      <td>0.840746</td>\n",
       "      <td>1.000000</td>\n",
       "      <td>0.929876</td>\n",
       "      <td>0.837759</td>\n",
       "      <td>0.459290</td>\n",
       "      <td>0.188688</td>\n",
       "      <td>0.188786</td>\n",
       "      <td>0.065720</td>\n",
       "      <td>0.013918</td>\n",
       "    </tr>\n",
       "    <tr>\n",
       "      <td>SeriousCritical</td>\n",
       "      <td>0.090577</td>\n",
       "      <td>-0.137823</td>\n",
       "      <td>0.925652</td>\n",
       "      <td>0.862173</td>\n",
       "      <td>0.849204</td>\n",
       "      <td>0.929876</td>\n",
       "      <td>1.000000</td>\n",
       "      <td>0.769787</td>\n",
       "      <td>0.439402</td>\n",
       "      <td>0.229280</td>\n",
       "      <td>0.229294</td>\n",
       "      <td>0.095368</td>\n",
       "      <td>0.049084</td>\n",
       "    </tr>\n",
       "    <tr>\n",
       "      <td>Total\\nTests</td>\n",
       "      <td>0.074428</td>\n",
       "      <td>-0.093833</td>\n",
       "      <td>0.914447</td>\n",
       "      <td>0.847369</td>\n",
       "      <td>0.844584</td>\n",
       "      <td>0.837759</td>\n",
       "      <td>0.769787</td>\n",
       "      <td>1.000000</td>\n",
       "      <td>0.641682</td>\n",
       "      <td>0.346318</td>\n",
       "      <td>0.347775</td>\n",
       "      <td>0.235404</td>\n",
       "      <td>0.114001</td>\n",
       "    </tr>\n",
       "    <tr>\n",
       "      <td>TotalSuicides</td>\n",
       "      <td>0.020706</td>\n",
       "      <td>-0.109554</td>\n",
       "      <td>0.506676</td>\n",
       "      <td>0.501775</td>\n",
       "      <td>0.485221</td>\n",
       "      <td>0.459290</td>\n",
       "      <td>0.439402</td>\n",
       "      <td>0.641682</td>\n",
       "      <td>1.000000</td>\n",
       "      <td>0.593624</td>\n",
       "      <td>0.594046</td>\n",
       "      <td>0.367431</td>\n",
       "      <td>0.347208</td>\n",
       "    </tr>\n",
       "    <tr>\n",
       "      <td>TotDivorce</td>\n",
       "      <td>0.062851</td>\n",
       "      <td>-0.074299</td>\n",
       "      <td>0.236482</td>\n",
       "      <td>0.187101</td>\n",
       "      <td>0.317395</td>\n",
       "      <td>0.188688</td>\n",
       "      <td>0.229280</td>\n",
       "      <td>0.346318</td>\n",
       "      <td>0.593624</td>\n",
       "      <td>1.000000</td>\n",
       "      <td>0.999135</td>\n",
       "      <td>0.744975</td>\n",
       "      <td>0.738443</td>\n",
       "    </tr>\n",
       "    <tr>\n",
       "      <td>Population</td>\n",
       "      <td>0.057728</td>\n",
       "      <td>-0.071265</td>\n",
       "      <td>0.237910</td>\n",
       "      <td>0.189295</td>\n",
       "      <td>0.320625</td>\n",
       "      <td>0.188786</td>\n",
       "      <td>0.229294</td>\n",
       "      <td>0.347775</td>\n",
       "      <td>0.594046</td>\n",
       "      <td>0.999135</td>\n",
       "      <td>1.000000</td>\n",
       "      <td>0.745265</td>\n",
       "      <td>0.738783</td>\n",
       "    </tr>\n",
       "    <tr>\n",
       "      <td>ChomageAvant</td>\n",
       "      <td>0.025095</td>\n",
       "      <td>-0.077159</td>\n",
       "      <td>0.125502</td>\n",
       "      <td>0.099432</td>\n",
       "      <td>0.257755</td>\n",
       "      <td>0.065720</td>\n",
       "      <td>0.095368</td>\n",
       "      <td>0.235404</td>\n",
       "      <td>0.367431</td>\n",
       "      <td>0.744975</td>\n",
       "      <td>0.745265</td>\n",
       "      <td>1.000000</td>\n",
       "      <td>0.998578</td>\n",
       "    </tr>\n",
       "    <tr>\n",
       "      <td>ChomageApres</td>\n",
       "      <td>0.022373</td>\n",
       "      <td>-0.070818</td>\n",
       "      <td>0.077284</td>\n",
       "      <td>0.056962</td>\n",
       "      <td>0.217904</td>\n",
       "      <td>0.013918</td>\n",
       "      <td>0.049084</td>\n",
       "      <td>0.114001</td>\n",
       "      <td>0.347208</td>\n",
       "      <td>0.738443</td>\n",
       "      <td>0.738783</td>\n",
       "      <td>0.998578</td>\n",
       "      <td>1.000000</td>\n",
       "    </tr>\n",
       "  </tbody>\n",
       "</table>\n",
       "</div>"
      ],
      "text/plain": [
       "                 Latitude  Longitude  TotalCases  TotalDeaths  TotalRecovered  \\\n",
       "Latitude         1.000000   0.042665    0.077525     0.045510        0.082350   \n",
       "Longitude        0.042665   1.000000   -0.118664    -0.121212       -0.111525   \n",
       "TotalCases       0.077525  -0.118664    1.000000     0.913665        0.916726   \n",
       "TotalDeaths      0.045510  -0.121212    0.913665     1.000000        0.879314   \n",
       "TotalRecovered   0.082350  -0.111525    0.916726     0.879314        1.000000   \n",
       "ActiveCases      0.058711  -0.127603    0.969123     0.917324        0.840746   \n",
       "SeriousCritical  0.090577  -0.137823    0.925652     0.862173        0.849204   \n",
       "Total\\nTests     0.074428  -0.093833    0.914447     0.847369        0.844584   \n",
       "TotalSuicides    0.020706  -0.109554    0.506676     0.501775        0.485221   \n",
       "TotDivorce       0.062851  -0.074299    0.236482     0.187101        0.317395   \n",
       "Population       0.057728  -0.071265    0.237910     0.189295        0.320625   \n",
       "ChomageAvant     0.025095  -0.077159    0.125502     0.099432        0.257755   \n",
       "ChomageApres     0.022373  -0.070818    0.077284     0.056962        0.217904   \n",
       "\n",
       "                 ActiveCases  SeriousCritical  Total\\nTests  TotalSuicides  \\\n",
       "Latitude            0.058711         0.090577      0.074428       0.020706   \n",
       "Longitude          -0.127603        -0.137823     -0.093833      -0.109554   \n",
       "TotalCases          0.969123         0.925652      0.914447       0.506676   \n",
       "TotalDeaths         0.917324         0.862173      0.847369       0.501775   \n",
       "TotalRecovered      0.840746         0.849204      0.844584       0.485221   \n",
       "ActiveCases         1.000000         0.929876      0.837759       0.459290   \n",
       "SeriousCritical     0.929876         1.000000      0.769787       0.439402   \n",
       "Total\\nTests        0.837759         0.769787      1.000000       0.641682   \n",
       "TotalSuicides       0.459290         0.439402      0.641682       1.000000   \n",
       "TotDivorce          0.188688         0.229280      0.346318       0.593624   \n",
       "Population          0.188786         0.229294      0.347775       0.594046   \n",
       "ChomageAvant        0.065720         0.095368      0.235404       0.367431   \n",
       "ChomageApres        0.013918         0.049084      0.114001       0.347208   \n",
       "\n",
       "                 TotDivorce  Population  ChomageAvant  ChomageApres  \n",
       "Latitude           0.062851    0.057728      0.025095      0.022373  \n",
       "Longitude         -0.074299   -0.071265     -0.077159     -0.070818  \n",
       "TotalCases         0.236482    0.237910      0.125502      0.077284  \n",
       "TotalDeaths        0.187101    0.189295      0.099432      0.056962  \n",
       "TotalRecovered     0.317395    0.320625      0.257755      0.217904  \n",
       "ActiveCases        0.188688    0.188786      0.065720      0.013918  \n",
       "SeriousCritical    0.229280    0.229294      0.095368      0.049084  \n",
       "Total\\nTests       0.346318    0.347775      0.235404      0.114001  \n",
       "TotalSuicides      0.593624    0.594046      0.367431      0.347208  \n",
       "TotDivorce         1.000000    0.999135      0.744975      0.738443  \n",
       "Population         0.999135    1.000000      0.745265      0.738783  \n",
       "ChomageAvant       0.744975    0.745265      1.000000      0.998578  \n",
       "ChomageApres       0.738443    0.738783      0.998578      1.000000  "
      ]
     },
     "execution_count": 19,
     "metadata": {},
     "output_type": "execute_result"
    }
   ],
   "source": [
    "# To find the correlation among \n",
    "# the columns using pearson method \n",
    "dataset.corr(method ='pearson') "
   ]
  },
  {
   "cell_type": "code",
   "execution_count": 20,
   "metadata": {},
   "outputs": [
    {
     "data": {
      "text/html": [
       "<div>\n",
       "<style scoped>\n",
       "    .dataframe tbody tr th:only-of-type {\n",
       "        vertical-align: middle;\n",
       "    }\n",
       "\n",
       "    .dataframe tbody tr th {\n",
       "        vertical-align: top;\n",
       "    }\n",
       "\n",
       "    .dataframe thead th {\n",
       "        text-align: right;\n",
       "    }\n",
       "</style>\n",
       "<table border=\"1\" class=\"dataframe\">\n",
       "  <thead>\n",
       "    <tr style=\"text-align: right;\">\n",
       "      <th></th>\n",
       "      <th>Latitude</th>\n",
       "      <th>Longitude</th>\n",
       "      <th>TotalCases</th>\n",
       "      <th>TotalDeaths</th>\n",
       "      <th>TotalRecovered</th>\n",
       "      <th>ActiveCases</th>\n",
       "      <th>SeriousCritical</th>\n",
       "      <th>Total\\nTests</th>\n",
       "      <th>TotalSuicides</th>\n",
       "      <th>TotDivorce</th>\n",
       "      <th>Population</th>\n",
       "      <th>ChomageAvant</th>\n",
       "      <th>ChomageApres</th>\n",
       "    </tr>\n",
       "  </thead>\n",
       "  <tbody>\n",
       "    <tr>\n",
       "      <td>Latitude</td>\n",
       "      <td>1.000000</td>\n",
       "      <td>-0.002608</td>\n",
       "      <td>0.043826</td>\n",
       "      <td>0.059894</td>\n",
       "      <td>0.015944</td>\n",
       "      <td>0.032781</td>\n",
       "      <td>0.064721</td>\n",
       "      <td>0.079205</td>\n",
       "      <td>-0.019768</td>\n",
       "      <td>0.070009</td>\n",
       "      <td>0.067034</td>\n",
       "      <td>0.079011</td>\n",
       "      <td>0.073119</td>\n",
       "    </tr>\n",
       "    <tr>\n",
       "      <td>Longitude</td>\n",
       "      <td>-0.002608</td>\n",
       "      <td>1.000000</td>\n",
       "      <td>-0.097654</td>\n",
       "      <td>-0.046629</td>\n",
       "      <td>-0.104866</td>\n",
       "      <td>-0.063536</td>\n",
       "      <td>-0.057530</td>\n",
       "      <td>-0.077840</td>\n",
       "      <td>-0.128530</td>\n",
       "      <td>-0.022108</td>\n",
       "      <td>-0.006568</td>\n",
       "      <td>-0.007534</td>\n",
       "      <td>-0.001256</td>\n",
       "    </tr>\n",
       "    <tr>\n",
       "      <td>TotalCases</td>\n",
       "      <td>0.043826</td>\n",
       "      <td>-0.097654</td>\n",
       "      <td>1.000000</td>\n",
       "      <td>0.710343</td>\n",
       "      <td>0.756996</td>\n",
       "      <td>0.748626</td>\n",
       "      <td>0.607061</td>\n",
       "      <td>0.570199</td>\n",
       "      <td>0.293936</td>\n",
       "      <td>0.481206</td>\n",
       "      <td>0.465475</td>\n",
       "      <td>0.435592</td>\n",
       "      <td>0.432460</td>\n",
       "    </tr>\n",
       "    <tr>\n",
       "      <td>TotalDeaths</td>\n",
       "      <td>0.059894</td>\n",
       "      <td>-0.046629</td>\n",
       "      <td>0.710343</td>\n",
       "      <td>1.000000</td>\n",
       "      <td>0.624133</td>\n",
       "      <td>0.618563</td>\n",
       "      <td>0.628207</td>\n",
       "      <td>0.498728</td>\n",
       "      <td>0.076026</td>\n",
       "      <td>0.456143</td>\n",
       "      <td>0.445378</td>\n",
       "      <td>0.418533</td>\n",
       "      <td>0.416487</td>\n",
       "    </tr>\n",
       "    <tr>\n",
       "      <td>TotalRecovered</td>\n",
       "      <td>0.015944</td>\n",
       "      <td>-0.104866</td>\n",
       "      <td>0.756996</td>\n",
       "      <td>0.624133</td>\n",
       "      <td>1.000000</td>\n",
       "      <td>0.598033</td>\n",
       "      <td>0.521221</td>\n",
       "      <td>0.592082</td>\n",
       "      <td>0.215060</td>\n",
       "      <td>0.419283</td>\n",
       "      <td>0.405245</td>\n",
       "      <td>0.384043</td>\n",
       "      <td>0.379766</td>\n",
       "    </tr>\n",
       "    <tr>\n",
       "      <td>ActiveCases</td>\n",
       "      <td>0.032781</td>\n",
       "      <td>-0.063536</td>\n",
       "      <td>0.748626</td>\n",
       "      <td>0.618563</td>\n",
       "      <td>0.598033</td>\n",
       "      <td>1.000000</td>\n",
       "      <td>0.571016</td>\n",
       "      <td>0.474536</td>\n",
       "      <td>0.222289</td>\n",
       "      <td>0.478735</td>\n",
       "      <td>0.467144</td>\n",
       "      <td>0.417807</td>\n",
       "      <td>0.414237</td>\n",
       "    </tr>\n",
       "    <tr>\n",
       "      <td>SeriousCritical</td>\n",
       "      <td>0.064721</td>\n",
       "      <td>-0.057530</td>\n",
       "      <td>0.607061</td>\n",
       "      <td>0.628207</td>\n",
       "      <td>0.521221</td>\n",
       "      <td>0.571016</td>\n",
       "      <td>1.000000</td>\n",
       "      <td>0.405944</td>\n",
       "      <td>0.167889</td>\n",
       "      <td>0.365303</td>\n",
       "      <td>0.367007</td>\n",
       "      <td>0.315703</td>\n",
       "      <td>0.312655</td>\n",
       "    </tr>\n",
       "    <tr>\n",
       "      <td>Total\\nTests</td>\n",
       "      <td>0.079205</td>\n",
       "      <td>-0.077840</td>\n",
       "      <td>0.570199</td>\n",
       "      <td>0.498728</td>\n",
       "      <td>0.592082</td>\n",
       "      <td>0.474536</td>\n",
       "      <td>0.405944</td>\n",
       "      <td>1.000000</td>\n",
       "      <td>0.224171</td>\n",
       "      <td>0.438588</td>\n",
       "      <td>0.427841</td>\n",
       "      <td>0.399128</td>\n",
       "      <td>0.394130</td>\n",
       "    </tr>\n",
       "    <tr>\n",
       "      <td>TotalSuicides</td>\n",
       "      <td>-0.019768</td>\n",
       "      <td>-0.128530</td>\n",
       "      <td>0.293936</td>\n",
       "      <td>0.076026</td>\n",
       "      <td>0.215060</td>\n",
       "      <td>0.222289</td>\n",
       "      <td>0.167889</td>\n",
       "      <td>0.224171</td>\n",
       "      <td>1.000000</td>\n",
       "      <td>0.128268</td>\n",
       "      <td>0.125523</td>\n",
       "      <td>0.087978</td>\n",
       "      <td>0.086858</td>\n",
       "    </tr>\n",
       "    <tr>\n",
       "      <td>TotDivorce</td>\n",
       "      <td>0.070009</td>\n",
       "      <td>-0.022108</td>\n",
       "      <td>0.481206</td>\n",
       "      <td>0.456143</td>\n",
       "      <td>0.419283</td>\n",
       "      <td>0.478735</td>\n",
       "      <td>0.365303</td>\n",
       "      <td>0.438588</td>\n",
       "      <td>0.128268</td>\n",
       "      <td>1.000000</td>\n",
       "      <td>0.962099</td>\n",
       "      <td>0.780031</td>\n",
       "      <td>0.775722</td>\n",
       "    </tr>\n",
       "    <tr>\n",
       "      <td>Population</td>\n",
       "      <td>0.067034</td>\n",
       "      <td>-0.006568</td>\n",
       "      <td>0.465475</td>\n",
       "      <td>0.445378</td>\n",
       "      <td>0.405245</td>\n",
       "      <td>0.467144</td>\n",
       "      <td>0.367007</td>\n",
       "      <td>0.427841</td>\n",
       "      <td>0.125523</td>\n",
       "      <td>0.962099</td>\n",
       "      <td>1.000000</td>\n",
       "      <td>0.785925</td>\n",
       "      <td>0.781186</td>\n",
       "    </tr>\n",
       "    <tr>\n",
       "      <td>ChomageAvant</td>\n",
       "      <td>0.079011</td>\n",
       "      <td>-0.007534</td>\n",
       "      <td>0.435592</td>\n",
       "      <td>0.418533</td>\n",
       "      <td>0.384043</td>\n",
       "      <td>0.417807</td>\n",
       "      <td>0.315703</td>\n",
       "      <td>0.399128</td>\n",
       "      <td>0.087978</td>\n",
       "      <td>0.780031</td>\n",
       "      <td>0.785925</td>\n",
       "      <td>1.000000</td>\n",
       "      <td>0.986497</td>\n",
       "    </tr>\n",
       "    <tr>\n",
       "      <td>ChomageApres</td>\n",
       "      <td>0.073119</td>\n",
       "      <td>-0.001256</td>\n",
       "      <td>0.432460</td>\n",
       "      <td>0.416487</td>\n",
       "      <td>0.379766</td>\n",
       "      <td>0.414237</td>\n",
       "      <td>0.312655</td>\n",
       "      <td>0.394130</td>\n",
       "      <td>0.086858</td>\n",
       "      <td>0.775722</td>\n",
       "      <td>0.781186</td>\n",
       "      <td>0.986497</td>\n",
       "      <td>1.000000</td>\n",
       "    </tr>\n",
       "  </tbody>\n",
       "</table>\n",
       "</div>"
      ],
      "text/plain": [
       "                 Latitude  Longitude  TotalCases  TotalDeaths  TotalRecovered  \\\n",
       "Latitude         1.000000  -0.002608    0.043826     0.059894        0.015944   \n",
       "Longitude       -0.002608   1.000000   -0.097654    -0.046629       -0.104866   \n",
       "TotalCases       0.043826  -0.097654    1.000000     0.710343        0.756996   \n",
       "TotalDeaths      0.059894  -0.046629    0.710343     1.000000        0.624133   \n",
       "TotalRecovered   0.015944  -0.104866    0.756996     0.624133        1.000000   \n",
       "ActiveCases      0.032781  -0.063536    0.748626     0.618563        0.598033   \n",
       "SeriousCritical  0.064721  -0.057530    0.607061     0.628207        0.521221   \n",
       "Total\\nTests     0.079205  -0.077840    0.570199     0.498728        0.592082   \n",
       "TotalSuicides   -0.019768  -0.128530    0.293936     0.076026        0.215060   \n",
       "TotDivorce       0.070009  -0.022108    0.481206     0.456143        0.419283   \n",
       "Population       0.067034  -0.006568    0.465475     0.445378        0.405245   \n",
       "ChomageAvant     0.079011  -0.007534    0.435592     0.418533        0.384043   \n",
       "ChomageApres     0.073119  -0.001256    0.432460     0.416487        0.379766   \n",
       "\n",
       "                 ActiveCases  SeriousCritical  Total\\nTests  TotalSuicides  \\\n",
       "Latitude            0.032781         0.064721      0.079205      -0.019768   \n",
       "Longitude          -0.063536        -0.057530     -0.077840      -0.128530   \n",
       "TotalCases          0.748626         0.607061      0.570199       0.293936   \n",
       "TotalDeaths         0.618563         0.628207      0.498728       0.076026   \n",
       "TotalRecovered      0.598033         0.521221      0.592082       0.215060   \n",
       "ActiveCases         1.000000         0.571016      0.474536       0.222289   \n",
       "SeriousCritical     0.571016         1.000000      0.405944       0.167889   \n",
       "Total\\nTests        0.474536         0.405944      1.000000       0.224171   \n",
       "TotalSuicides       0.222289         0.167889      0.224171       1.000000   \n",
       "TotDivorce          0.478735         0.365303      0.438588       0.128268   \n",
       "Population          0.467144         0.367007      0.427841       0.125523   \n",
       "ChomageAvant        0.417807         0.315703      0.399128       0.087978   \n",
       "ChomageApres        0.414237         0.312655      0.394130       0.086858   \n",
       "\n",
       "                 TotDivorce  Population  ChomageAvant  ChomageApres  \n",
       "Latitude           0.070009    0.067034      0.079011      0.073119  \n",
       "Longitude         -0.022108   -0.006568     -0.007534     -0.001256  \n",
       "TotalCases         0.481206    0.465475      0.435592      0.432460  \n",
       "TotalDeaths        0.456143    0.445378      0.418533      0.416487  \n",
       "TotalRecovered     0.419283    0.405245      0.384043      0.379766  \n",
       "ActiveCases        0.478735    0.467144      0.417807      0.414237  \n",
       "SeriousCritical    0.365303    0.367007      0.315703      0.312655  \n",
       "Total\\nTests       0.438588    0.427841      0.399128      0.394130  \n",
       "TotalSuicides      0.128268    0.125523      0.087978      0.086858  \n",
       "TotDivorce         1.000000    0.962099      0.780031      0.775722  \n",
       "Population         0.962099    1.000000      0.785925      0.781186  \n",
       "ChomageAvant       0.780031    0.785925      1.000000      0.986497  \n",
       "ChomageApres       0.775722    0.781186      0.986497      1.000000  "
      ]
     },
     "execution_count": 20,
     "metadata": {},
     "output_type": "execute_result"
    }
   ],
   "source": [
    "dataset.corr(method ='kendall')"
   ]
  },
  {
   "cell_type": "code",
   "execution_count": 21,
   "metadata": {},
   "outputs": [
    {
     "data": {
      "text/plain": [
       "<seaborn.axisgrid.PairGrid at 0x7f3a784f6438>"
      ]
     },
     "execution_count": 21,
     "metadata": {},
     "output_type": "execute_result"
    },
    {
     "data": {
